  -5.0000000000000003E-002
  -4.9799933311103703E-002
  -4.9599866622207403E-002
  -4.9399799933311103E-002
  -4.9199733244414810E-002
  -4.8999666555518510E-002
  -4.8799599866622211E-002
  -4.8599533177725911E-002
  -4.8399466488829611E-002
  -4.8199399799933311E-002
  -4.7999333111037018E-002
  -4.7799266422140718E-002
  -4.7599199733244418E-002
  -4.7399133044348118E-002
  -4.7199066355451819E-002
  -4.6998999666555519E-002
  -4.6798932977659219E-002
  -4.6598866288762926E-002
  -4.6398799599866626E-002
  -4.6198732910970326E-002
  -4.5998666222074026E-002
  -4.5798599533177727E-002
  -4.5598532844281427E-002
  -4.5398466155385134E-002
  -4.5198399466488834E-002
  -4.4998332777592534E-002
  -4.4798266088696234E-002
  -4.4598199399799934E-002
  -4.4398132710903634E-002
  -4.4198066022007335E-002
  -4.3997999333111042E-002
  -4.3797932644214742E-002
  -4.3597865955318442E-002
  -4.3397799266422142E-002
  -4.3197732577525842E-002
  -4.2997665888629542E-002
  -4.2797599199733243E-002
  -4.2597532510836950E-002
  -4.2397465821940650E-002
  -4.2197399133044350E-002
  -4.1997332444148050E-002
  -4.1797265755251750E-002
  -4.1597199066355450E-002
  -4.1397132377459157E-002
  -4.1197065688562857E-002
  -4.0996998999666558E-002
  -4.0796932310770258E-002
  -4.0596865621873958E-002
  -4.0396798932977658E-002
  -4.0196732244081358E-002
  -3.9996665555185065E-002
  -3.9796598866288765E-002
  -3.9596532177392466E-002
  -3.9396465488496166E-002
  -3.9196398799599866E-002
  -3.8996332110703566E-002
  -3.8796265421807273E-002
  -3.8596198732910973E-002
  -3.8396132044014673E-002
  -3.8196065355118373E-002
  -3.7995998666222074E-002
  -3.7795931977325774E-002
  -3.7595865288429474E-002
  -3.7395798599533181E-002
  -3.7195731910636881E-002
  -3.6995665221740581E-002
  -3.6795598532844281E-002
  -3.6595531843947982E-002
  -3.6395465155051682E-002
  -3.6195398466155389E-002
  -3.5995331777259089E-002
  -3.5795265088362789E-002
  -3.5595198399466489E-002
  -3.5395131710570189E-002
  -3.5195065021673889E-002
  -3.4994998332777590E-002
  -3.4794931643881297E-002
  -3.4594864954984997E-002
  -3.4394798266088697E-002
  -3.4194731577192397E-002
  -3.3994664888296097E-002
  -3.3794598199399797E-002
  -3.3594531510503498E-002
  -3.3394464821607205E-002
  -3.3194398132710905E-002
  -3.2994331443814605E-002
  -3.2794264754918305E-002
  -3.2594198066022005E-002
  -3.2394131377125705E-002
  -3.2194064688229412E-002
  -3.1993997999333113E-002
  -3.1793931310436813E-002
  -3.1593864621540513E-002
  -3.1393797932644213E-002
  -3.1193731243747917E-002
  -3.0993664554851617E-002
  -3.0793597865955317E-002
  -3.0593531177059020E-002
  -3.0393464488162721E-002
  -3.0193397799266421E-002
  -2.9993331110370121E-002
  -2.9793264421473824E-002
  -2.9593197732577525E-002
  -2.9393131043681225E-002
  -2.9193064354784928E-002
  -2.8992997665888628E-002
  -2.8792930976992329E-002
  -2.8592864288096032E-002
  -2.8392797599199732E-002
  -2.8192730910303433E-002
  -2.7992664221407136E-002
  -2.7792597532510836E-002
  -2.7592530843614536E-002
  -2.7392464154718237E-002
  -2.7192397465821940E-002
  -2.6992330776925640E-002
  -2.6792264088029340E-002
  -2.6592197399133044E-002
  -2.6392130710236744E-002
  -2.6192064021340444E-002
  -2.5991997332444148E-002
  -2.5791930643547848E-002
  -2.5591863954651548E-002
  -2.5391797265755248E-002
  -2.5191730576858952E-002
  -2.4991663887962652E-002
  -2.4791597199066352E-002
  -2.4591530510170056E-002
  -2.4391463821273756E-002
  -2.4191397132377456E-002
  -2.3991330443481160E-002
  -2.3791263754584860E-002
  -2.3591197065688560E-002
  -2.3391130376792264E-002
  -2.3191063687895964E-002
  -2.2990996998999664E-002
  -2.2790930310103364E-002
  -2.2590863621207068E-002
  -2.2390796932310768E-002
  -2.2190730243414468E-002
  -2.1990663554518172E-002
  -2.1790596865621872E-002
  -2.1590530176725572E-002
  -2.1390463487829275E-002
  -2.1190396798932976E-002
  -2.0990330110036676E-002
  -2.0790263421140376E-002
  -2.0590196732244079E-002
  -2.0390130043347780E-002
  -2.0190063354451480E-002
  -1.9989996665555183E-002
  -1.9789929976658883E-002
  -1.9589863287762584E-002
  -1.9389796598866287E-002
  -1.9189729909969987E-002
  -1.8989663221073688E-002
  -1.8789596532177391E-002
  -1.8589529843281091E-002
  -1.8389463154384791E-002
  -1.8189396465488492E-002
  -1.7989329776592195E-002
  -1.7789263087695895E-002
  -1.7589196398799595E-002
  -1.7389129709903299E-002
  -1.7189063021006999E-002
  -1.6988996332110699E-002
  -1.6788929643214403E-002
  -1.6588862954318103E-002
  -1.6388796265421803E-002
  -1.6188729576525503E-002
  -1.5988662887629207E-002
  -1.5788596198732907E-002
  -1.5588529509836609E-002
  -1.5388462820940309E-002
  -1.5188396132044011E-002
  -1.4988329443147713E-002
  -1.4788262754251413E-002
  -1.4588196065355115E-002
  -1.4388129376458815E-002
  -1.4188062687562517E-002
  -1.3987995998666219E-002
  -1.3787929309769919E-002
  -1.3587862620873621E-002
  -1.3387795931977323E-002
  -1.3187729243081023E-002
  -1.2987662554184725E-002
  -1.2787595865288425E-002
  -1.2587529176392127E-002
  -1.2387462487495829E-002
  -1.2187395798599529E-002
  -1.1987329109703231E-002
  -1.1787262420806931E-002
  -1.1587195731910633E-002
  -1.1387129043014334E-002
  -1.1187062354118035E-002
  -1.0986995665221736E-002
  -1.0786928976325437E-002
  -1.0586862287429138E-002
  -1.0386795598532840E-002
  -1.0186728909636540E-002
  -9.9866622207402424E-003
  -9.7865955318439425E-003
  -9.5865288429476444E-003
  -9.3864621540513463E-003
  -9.1863954651550464E-003
  -8.9863287762587483E-003
  -8.7862620873624502E-003
  -8.5861953984661503E-003
  -8.3861287095698522E-003
  -8.1860620206735523E-003
  -7.9859953317772542E-003
  -7.7859286428809552E-003
  -7.5858619539846562E-003
  -7.3857952650883581E-003
  -7.1857285761920591E-003
  -6.9856618872957601E-003
  -6.7855951983994611E-003
  -6.5855285095031621E-003
  -6.3854618206068640E-003
  -6.1853951317105650E-003
  -5.9853284428142660E-003
  -5.7852617539179670E-003
  -5.5851950650216689E-003
  -5.3851283761253699E-003
  -5.1850616872290709E-003
  -4.9849949983327719E-003
  -4.7849283094364729E-003
  -4.5848616205401748E-003
  -4.3847949316438758E-003
  -4.1847282427475768E-003
  -3.9846615538512778E-003
  -3.7845948649549792E-003
  -3.5845281760586807E-003
  -3.3844614871623817E-003
  -3.1843947982660827E-003
  -2.9843281093697841E-003
  -2.7842614204734851E-003
  -2.5841947315771866E-003
  -2.3841280426808876E-003
  -2.1840613537845890E-003
  -1.9839946648882900E-003
  -1.7839279759919913E-003
  -1.5838612870956925E-003
  -1.3837945981993937E-003
  -1.1837279093030949E-003
  -9.8366122040679594E-004
  -7.8359453151049716E-004
  -5.8352784261419838E-004
  -3.8346115371789961E-004
  -1.8339446482160081E-004
   1.6672224074697998E-005
   2.1673891297099680E-004
   4.1680560186729560E-004
   6.1687229076359438E-004
   8.1693897965989326E-004
   1.0170056685561920E-003
   1.2170723574524908E-003
   1.4171390463487896E-003
   1.6172057352450884E-003
   1.8172724241413871E-003
   2.0173391130376859E-003
   2.2174058019339849E-003
   2.4174724908302835E-003
   2.6175391797265825E-003
   2.8176058686228810E-003
   3.0176725575191800E-003
   3.2177392464154790E-003
   3.4178059353117776E-003
   3.6178726242080766E-003
   3.8179393131043751E-003
   4.0180060020006741E-003
   4.2180726908969731E-003
   4.4181393797932712E-003
   4.6182060686895702E-003
   4.8182727575858692E-003
   5.0183394464821682E-003
   5.2184061353784672E-003
   5.4184728242747653E-003
   5.6185395131710643E-003
   5.8186062020673633E-003
   6.0186728909636623E-003
   6.2187395798599613E-003
   6.4188062687562594E-003
   6.6188729576525584E-003
   6.8189396465488574E-003
   7.0190063354451564E-003
   7.2190730243414545E-003
   7.4191397132377535E-003
   7.6192064021340525E-003
   7.8192730910303515E-003
   8.0193397799266496E-003
   8.2194064688229495E-003
   8.4194731577192476E-003
   8.6195398466155457E-003
   8.8196065355118456E-003
   9.0196732244081437E-003
   9.2197399133044436E-003
   9.4198066022007417E-003
   9.6198732910970398E-003
   9.8199399799933397E-003
   1.0020006668889638E-002
   1.0220073357785938E-002
   1.0420140046682236E-002
   1.0620206735578534E-002
   1.0820273424474834E-002
   1.1020340113371132E-002
   1.1220406802267432E-002
   1.1420473491163730E-002
   1.1620540180060028E-002
   1.1820606868956328E-002
   1.2020673557852626E-002
   1.2220740246748924E-002
   1.2420806935645224E-002
   1.2620873624541522E-002
   1.2820940313437822E-002
   1.3021007002334120E-002
   1.3221073691230418E-002
   1.3421140380126718E-002
   1.3621207069023016E-002
   1.3821273757919316E-002
   1.4021340446815614E-002
   1.4221407135711912E-002
   1.4421473824608212E-002
   1.4621540513504510E-002
   1.4821607202400810E-002
   1.5021673891297108E-002
   1.5221740580193406E-002
   1.5421807269089706E-002
   1.5621873957986004E-002
   1.5821940646882304E-002
   1.6022007335778601E-002
   1.6222074024674901E-002
   1.6422140713571200E-002
   1.6622207402467500E-002
   1.6822274091363797E-002
   1.7022340780260097E-002
   1.7222407469156396E-002
   1.7422474158052693E-002
   1.7622540846948993E-002
   1.7822607535845292E-002
   1.8022674224741589E-002
   1.8222740913637889E-002
   1.8422807602534189E-002
   1.8622874291430485E-002
   1.8822940980326785E-002
   1.9023007669223085E-002
   1.9223074358119385E-002
   1.9423141047015681E-002
   1.9623207735911981E-002
   1.9823274424808281E-002
   2.0023341113704577E-002
   2.0223407802600877E-002
   2.0423474491497177E-002
   2.0623541180393473E-002
   2.0823607869289773E-002
   2.1023674558186073E-002
   2.1223741247082373E-002
   2.1423807935978669E-002
   2.1623874624874969E-002
   2.1823941313771269E-002
   2.2024008002667565E-002
   2.2224074691563865E-002
   2.2424141380460165E-002
   2.2624208069356461E-002
   2.2824274758252761E-002
   2.3024341447149061E-002
   2.3224408136045357E-002
   2.3424474824941657E-002
   2.3624541513837957E-002
   2.3824608202734257E-002
   2.4024674891630553E-002
   2.4224741580526853E-002
   2.4424808269423153E-002
   2.4624874958319450E-002
   2.4824941647215749E-002
   2.5025008336112049E-002
   2.5225075025008346E-002
   2.5425141713904646E-002
   2.5625208402800945E-002
   2.5825275091697245E-002
   2.6025341780593542E-002
   2.6225408469489842E-002
   2.6425475158386141E-002
   2.6625541847282438E-002
   2.6825608536178738E-002
   2.7025675225075037E-002
   2.7225741913971334E-002
   2.7425808602867634E-002
   2.7625875291763934E-002
   2.7825941980660230E-002
   2.8026008669556530E-002
   2.8226075358452830E-002
   2.8426142047349130E-002
   2.8626208736245426E-002
   2.8826275425141726E-002
   2.9026342114038026E-002
   2.9226408802934322E-002
   2.9426475491830622E-002
   2.9626542180726922E-002
   2.9826608869623218E-002
   3.0026675558519518E-002
   3.0226742247415818E-002
   3.0426808936312118E-002
   3.0626875625208414E-002
   3.0826942314104714E-002
   3.1027009003001014E-002
   3.1227075691897310E-002
   3.1427142380793610E-002
   3.1627209069689910E-002
   3.1827275758586210E-002
   3.2027342447482510E-002
   3.2227409136378803E-002
   3.2427475825275102E-002
   3.2627542514171402E-002
   3.2827609203067702E-002
   3.3027675891964002E-002
   3.3227742580860302E-002
   3.3427809269756595E-002
   3.3627875958652895E-002
   3.3827942647549195E-002
   3.4028009336445494E-002
   3.4228076025341794E-002
   3.4428142714238094E-002
   3.4628209403134394E-002
   3.4828276092030687E-002
   3.5028342780926987E-002
   3.5228409469823287E-002
   3.5428476158719586E-002
   3.5628542847615886E-002
   3.5828609536512186E-002
   3.6028676225408479E-002
   3.6228742914304779E-002
   3.6428809603201079E-002
   3.6628876292097379E-002
   3.6828942980993679E-002
   3.7029009669889978E-002
   3.7229076358786278E-002
   3.7429143047682571E-002
   3.7629209736578871E-002
   3.7829276425475171E-002
   3.8029343114371471E-002
   3.8229409803267771E-002
   3.8429476492164071E-002
   3.8629543181060370E-002
   3.8829609869956663E-002
   3.9029676558852963E-002
   3.9229743247749263E-002
   3.9429809936645563E-002
   3.9629876625541863E-002
   3.9829943314438163E-002
   4.0030010003334456E-002
   4.0230076692230755E-002
   4.0430143381127055E-002
   4.0630210070023355E-002
   4.0830276758919655E-002
   4.1030343447815955E-002
   4.1230410136712255E-002
   4.1430476825608548E-002
   4.1630543514504847E-002
   4.1830610203401147E-002
   4.2030676892297447E-002
   4.2230743581193747E-002
   4.2430810270090047E-002
   4.2630876958986340E-002
   4.2830943647882640E-002
   4.3031010336778940E-002
   4.3231077025675239E-002
   4.3431143714571539E-002
   4.3631210403467839E-002
   4.3831277092364139E-002
   4.4031343781260432E-002
   4.4231410470156732E-002
   4.4431477159053032E-002
   4.4631543847949331E-002
   4.4831610536845631E-002
   4.5031677225741931E-002
   4.5231743914638224E-002
   4.5431810603534524E-002
   4.5631877292430824E-002
   4.5831943981327124E-002
   4.6032010670223424E-002
   4.6232077359119723E-002
   4.6432144048016023E-002
   4.6632210736912316E-002
   4.6832277425808616E-002
   4.7032344114704916E-002
   4.7232410803601216E-002
   4.7432477492497516E-002
   4.7632544181393816E-002
   4.7832610870290115E-002
   4.8032677559186408E-002
   4.8232744248082708E-002
   4.8432810936979008E-002
   4.8632877625875308E-002
   4.8832944314771608E-002
   4.9033011003667908E-002
   4.9233077692564201E-002
   4.9433144381460500E-002
   4.9633211070356800E-002
   4.9833277759253100E-002
   5.0033344448149400E-002
   5.0233411137045700E-002
   5.0433477825942000E-002
   5.0633544514838293E-002
   5.0833611203734592E-002
   5.1033677892630892E-002
   5.1233744581527192E-002
   5.1433811270423492E-002
   5.1633877959319792E-002
   5.1833944648216085E-002
   5.2034011337112385E-002
   5.2234078026008685E-002
   5.2434144714904984E-002
   5.2634211403801284E-002
   5.2834278092697584E-002
   5.3034344781593884E-002
   5.3234411470490177E-002
   5.3434478159386477E-002
   5.3634544848282777E-002
   5.3834611537179076E-002
   5.4034678226075376E-002
   5.4234744914971676E-002
   5.4434811603867969E-002
   5.4634878292764269E-002
   5.4834944981660569E-002
   5.5035011670556869E-002
   5.5235078359453169E-002
   5.5435145048349468E-002
   5.5635211737245768E-002
   5.5835278426142061E-002
   5.6035345115038361E-002
   5.6235411803934661E-002
   5.6435478492830961E-002
   5.6635545181727261E-002
   5.6835611870623561E-002
   5.7035678559519853E-002
   5.7235745248416153E-002
   5.7435811937312453E-002
   5.7635878626208753E-002
   5.7835945315105053E-002
   5.8036012004001353E-002
   5.8236078692897653E-002
   5.8436145381793946E-002
   5.8636212070690245E-002
   5.8836278759586545E-002
   5.9036345448482845E-002
   5.9236412137379145E-002
   5.9436478826275445E-002
   5.9636545515171745E-002
   5.9836612204068038E-002
   6.0036678892964337E-002
   6.0236745581860637E-002
   6.0436812270756937E-002
   6.0636878959653237E-002
   6.0836945648549537E-002
   6.1037012337445830E-002
   6.1237079026342130E-002
   6.1437145715238430E-002
   6.1637212404134729E-002
   6.1837279093031029E-002
   6.2037345781927329E-002
   6.2237412470823629E-002
   6.2437479159719922E-002
   6.2637545848616222E-002
   6.2837612537512522E-002
   6.3037679226408821E-002
   6.3237745915305121E-002
   6.3437812604201421E-002
   6.3637879293097721E-002
   6.3837945981994021E-002
   6.4038012670890321E-002
   6.4238079359786621E-002
   6.4438146048682907E-002
   6.4638212737579206E-002
   6.4838279426475506E-002
   6.5038346115371806E-002
   6.5238412804268106E-002
   6.5438479493164406E-002
   6.5638546182060706E-002
   6.5838612870957006E-002
   6.6038679559853306E-002
   6.6238746248749605E-002
   6.6438812937645905E-002
   6.6638879626542205E-002
   6.6838946315438505E-002
   6.7039013004334791E-002
   6.7239079693231091E-002
   6.7439146382127391E-002
   6.7639213071023691E-002
   6.7839279759919990E-002
   6.8039346448816290E-002
   6.8239413137712590E-002
   6.8439479826608890E-002
   6.8639546515505190E-002
   6.8839613204401490E-002
   6.9039679893297790E-002
   6.9239746582194089E-002
   6.9439813271090389E-002
   6.9639879959986675E-002
   6.9839946648882975E-002
   7.0040013337779275E-002
   7.0240080026675575E-002
   7.0440146715571875E-002
   7.0640213404468175E-002
   7.0840280093364474E-002
   7.1040346782260774E-002
   7.1240413471157074E-002
   7.1440480160053374E-002
   7.1640546848949674E-002
   7.1840613537845974E-002
   7.2040680226742274E-002
   7.2240746915638560E-002
   7.2440813604534859E-002
   7.2640880293431159E-002
   7.2840946982327459E-002
   7.3041013671223759E-002
   7.3241080360120059E-002
   7.3441147049016359E-002
   7.3641213737912659E-002
   7.3841280426808958E-002
   7.4041347115705258E-002
   7.4241413804601558E-002
   7.4441480493497858E-002
   7.4641547182394158E-002
   7.4841613871290444E-002
   7.5041680560186744E-002
   7.5241747249083044E-002
   7.5441813937979343E-002
   7.5641880626875643E-002
   7.5841947315771943E-002
   7.6042014004668243E-002
   7.6242080693564543E-002
   7.6442147382460843E-002
   7.6642214071357143E-002
   7.6842280760253442E-002
   7.7042347449149742E-002
   7.7242414138046042E-002
   7.7442480826942328E-002
   7.7642547515838628E-002
   7.7842614204734928E-002
   7.8042680893631228E-002
   7.8242747582527528E-002
   7.8442814271423827E-002
   7.8642880960320127E-002
   7.8842947649216427E-002
   7.9043014338112727E-002
   7.9243081027009027E-002
   7.9443147715905327E-002
   7.9643214404801627E-002
   7.9843281093697926E-002
   8.0043347782594212E-002
   8.0243414471490512E-002
   8.0443481160386812E-002
   8.0643547849283112E-002
   8.0843614538179412E-002
   8.1043681227075712E-002
   8.1243747915972012E-002
   8.1443814604868311E-002
   8.1643881293764611E-002
   8.1843947982660911E-002
   8.2044014671557211E-002
   8.2244081360453511E-002
   8.2444148049349811E-002
   8.2644214738246097E-002
   8.2844281427142397E-002
   8.3044348116038696E-002
   8.3244414804934996E-002
   8.3444481493831296E-002
   8.3644548182727596E-002
   8.3844614871623896E-002
   8.4044681560520196E-002
   8.4244748249416496E-002
   8.4444814938312796E-002
   8.4644881627209095E-002
   8.4844948316105395E-002
   8.5045015005001695E-002
   8.5245081693897995E-002
   8.5445148382794281E-002
   8.5645215071690581E-002
   8.5845281760586881E-002
   8.6045348449483181E-002
   8.6245415138379480E-002
   8.6445481827275780E-002
   8.6645548516172080E-002
   8.6845615205068380E-002
   8.7045681893964680E-002
   8.7245748582860980E-002
   8.7445815271757280E-002
   8.7645881960653579E-002
   8.7845948649549879E-002
   8.8046015338446165E-002
   8.8246082027342465E-002
   8.8446148716238765E-002
   8.8646215405135065E-002
   8.8846282094031365E-002
   8.9046348782927665E-002
   8.9246415471823964E-002
   8.9446482160720264E-002
   8.9646548849616564E-002
   8.9846615538512864E-002
   9.0046682227409164E-002
   9.0246748916305464E-002
   9.0446815605201764E-002
   9.0646882294098050E-002
   9.0846948982994349E-002
   9.1047015671890649E-002
   9.1247082360786949E-002
   9.1447149049683249E-002
   9.1647215738579549E-002
   9.1847282427475849E-002
   9.2047349116372149E-002
   9.2247415805268448E-002
   9.2447482494164748E-002
   9.2647549183061048E-002
   9.2847615871957348E-002
   9.3047682560853648E-002
   9.3247749249749934E-002
   9.3447815938646234E-002
   9.3647882627542534E-002
   9.3847949316438833E-002
   9.4048016005335133E-002
   9.4248082694231433E-002
   9.4448149383127733E-002
   9.4648216072024033E-002
   9.4848282760920333E-002
   9.5048349449816633E-002
   9.5248416138712932E-002
   9.5448482827609232E-002
   9.5648549516505532E-002
   9.5848616205401818E-002
   9.6048682894298118E-002
   9.6248749583194418E-002
   9.6448816272090718E-002
   9.6648882960987018E-002
   9.6848949649883317E-002
   9.7049016338779617E-002
   9.7249083027675917E-002
   9.7449149716572217E-002
   9.7649216405468517E-002
   9.7849283094364817E-002
   9.8049349783261117E-002
   9.8249416472157416E-002
   9.8449483161053702E-002
   9.8649549849950002E-002
   9.8849616538846302E-002
   9.9049683227742602E-002
   9.9249749916638902E-002
   9.9449816605535202E-002
   9.9649883294431502E-002
   9.9849949983327801E-002
  0.10005001667222410     
  0.10025008336112040     
  0.10045015005001670     
  0.10065021673891300     
  0.10085028342780930     
  0.10105035011670559     
  0.10125041680560189     
  0.10145048349449819     
  0.10165055018339449     
  0.10185061687229079     
  0.10205068356118709     
  0.10225075025008339     
  0.10245081693897969     
  0.10265088362787599     
  0.10285095031677229     
  0.10305101700566859     
  0.10325108369456489     
  0.10345115038346119     
  0.10365121707235747     
  0.10385128376125377     
  0.10405135045015007     
  0.10425141713904637     
  0.10445148382794267     
  0.10465155051683897     
  0.10485161720573527     
  0.10505168389463157     
  0.10525175058352787     
  0.10545181727242417     
  0.10565188396132047     
  0.10585195065021677     
  0.10605201733911307     
  0.10625208402800937     
  0.10645215071690566     
  0.10665221740580196     
  0.10685228409469825     
  0.10705235078359455     
  0.10725241747249085     
  0.10745248416138715     
  0.10765255085028345     
  0.10785261753917975     
  0.10805268422807605     
  0.10825275091697235     
  0.10845281760586865     
  0.10865288429476495     
  0.10885295098366125     
  0.10905301767255754     
  0.10925308436145384     
  0.10945315105035014     
  0.10965321773924644     
  0.10985328442814274     
  0.11005335111703904     
  0.11025341780593534     
  0.11045348449483164     
  0.11065355118372794     
  0.11085361787262424     
  0.11105368456152054     
  0.11125375125041684     
  0.11145381793931314     
  0.11165388462820942     
  0.11185395131710572     
  0.11205401800600202     
  0.11225408469489832     
  0.11245415138379462     
  0.11265421807269092     
  0.11285428476158722     
  0.11305435145048352     
  0.11325441813937982     
  0.11345448482827612     
  0.11365455151717242     
  0.11385461820606872     
  0.11405468489496502     
  0.11425475158386131     
  0.11445481827275761     
  0.11465488496165391     
  0.11485495165055021     
  0.11505501833944651     
  0.11525508502834281     
  0.11545515171723911     
  0.11565521840613541     
  0.11585528509503171     
  0.11605535178392801     
  0.11625541847282431     
  0.11645548516172061     
  0.11665555185061691     
  0.11685561853951319     
  0.11705568522840949     
  0.11725575191730579     
  0.11745581860620209     
  0.11765588529509839     
  0.11785595198399469     
  0.11805601867289099     
  0.11825608536178729     
  0.11845615205068359     
  0.11865621873957989     
  0.11885628542847619     
  0.11905635211737249     
  0.11925641880626879     
  0.11945648549516508     
  0.11965655218406138     
  0.11985661887295768     
  0.12005668556185398     
  0.12025675225075028     
  0.12045681893964658     
  0.12065688562854288     
  0.12085695231743918     
  0.12105701900633548     
  0.12125708569523178     
  0.12145715238412808     
  0.12165721907302438     
  0.12185728576192068     
  0.12205735245081696     
  0.12225741913971326     
  0.12245748582860956     
  0.12265755251750586     
  0.12285761920640216     
  0.12305768589529846     
  0.12325775258419476     
  0.12345781927309106     
  0.12365788596198736     
  0.12385795265088366     
  0.12405801933977996     
  0.12425808602867626     
  0.12445815271757256     
  0.12465821940646886     
  0.12485828609536515     
  0.12505835278426145     
  0.12525841947315774     
  0.12545848616205404     
  0.12565855285095034     
  0.12585861953984664     
  0.12605868622874294     
  0.12625875291763924     
  0.12645881960653554     
  0.12665888629543184     
  0.12685895298432814     
  0.12705901967322444     
  0.12725908636212074     
  0.12745915305101704     
  0.12765921973991334     
  0.12785928642880964     
  0.12805935311770594     
  0.12825941980660224     
  0.12845948649549854     
  0.12865955318439481     
  0.12885961987329111     
  0.12905968656218741     
  0.12925975325108371     
  0.12945981993998001     
  0.12965988662887631     
  0.12985995331777261     
  0.13006002000666891     
  0.13026008669556521     
  0.13046015338446151     
  0.13066022007335781     
  0.13086028676225411     
  0.13106035345115041     
  0.13126042014004671     
  0.13146048682894301     
  0.13166055351783931     
  0.13186062020673561     
  0.13206068689563191     
  0.13226075358452821     
  0.13246082027342451     
  0.13266088696232081     
  0.13286095365121711     
  0.13306102034011341     
  0.13326108702900971     
  0.13346115371790601     
  0.13366122040680231     
  0.13386128709569858     
  0.13406135378459488     
  0.13426142047349118     
  0.13446148716238748     
  0.13466155385128378     
  0.13486162054018008     
  0.13506168722907638     
  0.13526175391797268     
  0.13546182060686898     
  0.13566188729576528     
  0.13586195398466158     
  0.13606202067355788     
  0.13626208736245418     
  0.13646215405135048     
  0.13666222074024678     
  0.13686228742914308     
  0.13706235411803938     
  0.13726242080693568     
  0.13746248749583198     
  0.13766255418472828     
  0.13786262087362458     
  0.13806268756252088     
  0.13826275425141718     
  0.13846282094031348     
  0.13866288762920978     
  0.13886295431810608     
  0.13906302100700238     
  0.13926308769589865     
  0.13946315438479495     
  0.13966322107369125     
  0.13986328776258755     
  0.14006335445148385     
  0.14026342114038015     
  0.14046348782927645     
  0.14066355451817275     
  0.14086362120706905     
  0.14106368789596535     
  0.14126375458486165     
  0.14146382127375795     
  0.14166388796265425     
  0.14186395465155055     
  0.14206402134044685     
  0.14226408802934315     
  0.14246415471823945     
  0.14266422140713575     
  0.14286428809603205     
  0.14306435478492835     
  0.14326442147382465     
  0.14346448816272095     
  0.14366455485161725     
  0.14386462154051355     
  0.14406468822940985     
  0.14426475491830615     
  0.14446482160720242     
  0.14466488829609872     
  0.14486495498499502     
  0.14506502167389132     
  0.14526508836278762     
  0.14546515505168392     
  0.14566522174058022     
  0.14586528842947652     
  0.14606535511837282     
  0.14626542180726912     
  0.14646548849616542     
  0.14666555518506172     
  0.14686562187395802     
  0.14706568856285432     
  0.14726575525175062     
  0.14746582194064692     
  0.14766588862954322     
  0.14786595531843952     
  0.14806602200733582     
  0.14826608869623212     
  0.14846615538512842     
  0.14866622207402472     
  0.14886628876292102     
  0.14906635545181732     
  0.14926642214071362     
  0.14946648882960992     
  0.14966655551850619     
  0.14986662220740249     
  0.15006668889629879     
  0.15026675558519509     
  0.15046682227409139     
  0.15066688896298769     
  0.15086695565188399     
  0.15106702234078029     
  0.15126708902967659     
  0.15146715571857289     
  0.15166722240746919     
  0.15186728909636549     
  0.15206735578526179     
  0.15226742247415809     
  0.15246748916305439     
  0.15266755585195069     
  0.15286762254084699     
  0.15306768922974329     
  0.15326775591863959     
  0.15346782260753589     
  0.15366788929643219     
  0.15386795598532849     
  0.15406802267422479     
  0.15426808936312109     
  0.15446815605201739     
  0.15466822274091369     
  0.15486828942980996     
  0.15506835611870626     
  0.15526842280760256     
  0.15546848949649886     
  0.15566855618539516     
  0.15586862287429146     
  0.15606868956318776     
  0.15626875625208406     
  0.15646882294098036     
  0.15666888962987666     
  0.15686895631877296     
  0.15706902300766926     
  0.15726908969656556     
  0.15746915638546186     
  0.15766922307435816     
  0.15786928976325446     
  0.15806935645215076     
  0.15826942314104706     
  0.15846948982994336     
  0.15866955651883966     
  0.15886962320773595     
  0.15906968989663225     
  0.15926975658552855     
  0.15946982327442485     
  0.15966988996332115     
  0.15986995665221745     
  0.16007002334111375     
  0.16027009003001003     
  0.16047015671890633     
  0.16067022340780263     
  0.16087029009669893     
  0.16107035678559523     
  0.16127042347449153     
  0.16147049016338783     
  0.16167055685228413     
  0.16187062354118043     
  0.16207069023007672     
  0.16227075691897302     
  0.16247082360786932     
  0.16267089029676562     
  0.16287095698566192     
  0.16307102367455822     
  0.16327109036345452     
  0.16347115705235082     
  0.16367122374124712     
  0.16387129043014342     
  0.16407135711903972     
  0.16427142380793602     
  0.16447149049683232     
  0.16467155718572862     
  0.16487162387462492     
  0.16507169056352122     
  0.16527175725241752     
  0.16547182394131379     
  0.16567189063021009     
  0.16587195731910639     
  0.16607202400800269     
  0.16627209069689899     
  0.16647215738579529     
  0.16667222407469159     
  0.16687229076358789     
  0.16707235745248419     
  0.16727242414138049     
  0.16747249083027679     
  0.16767255751917309     
  0.16787262420806939     
  0.16807269089696569     
  0.16827275758586199     
  0.16847282427475829     
  0.16867289096365459     
  0.16887295765255089     
  0.16907302434144719     
  0.16927309103034349     
  0.16947315771923979     
  0.16967322440813609     
  0.16987329109703239     
  0.17007335778592869     
  0.17027342447482499     
  0.17047349116372129     
  0.17067355785261756     
  0.17087362454151386     
  0.17107369123041016     
  0.17127375791930646     
  0.17147382460820276     
  0.17167389129709906     
  0.17187395798599536     
  0.17207402467489166     
  0.17227409136378796     
  0.17247415805268426     
  0.17267422474158056     
  0.17287429143047686     
  0.17307435811937316     
  0.17327442480826946     
  0.17347449149716576     
  0.17367455818606206     
  0.17387462487495836     
  0.17407469156385466     
  0.17427475825275096     
  0.17447482494164726     
  0.17467489163054356     
  0.17487495831943986     
  0.17507502500833616     
  0.17527509169723246     
  0.17547515838612876     
  0.17567522507502506     
  0.17587529176392136     
  0.17607535845281763     
  0.17627542514171393     
  0.17647549183061023     
  0.17667555851950653     
  0.17687562520840283     
  0.17707569189729913     
  0.17727575858619543     
  0.17747582527509173     
  0.17767589196398803     
  0.17787595865288433     
  0.17807602534178063     
  0.17827609203067693     
  0.17847615871957323     
  0.17867622540846953     
  0.17887629209736583     
  0.17907635878626213     
  0.17927642547515843     
  0.17947649216405473     
  0.17967655885295103     
  0.17987662554184733     
  0.18007669223074363     
  0.18027675891963993     
  0.18047682560853623     
  0.18067689229743253     
  0.18087695898632883     
  0.18107702567522513     
  0.18127709236412140     
  0.18147715905301770     
  0.18167722574191400     
  0.18187729243081030     
  0.18207735911970660     
  0.18227742580860290     
  0.18247749249749920     
  0.18267755918639550     
  0.18287762587529180     
  0.18307769256418810     
  0.18327775925308440     
  0.18347782594198070     
  0.18367789263087700     
  0.18387795931977330     
  0.18407802600866960     
  0.18427809269756590     
  0.18447815938646220     
  0.18467822607535850     
  0.18487829276425480     
  0.18507835945315110     
  0.18527842614204740     
  0.18547849283094370     
  0.18567855951984000     
  0.18587862620873630     
  0.18607869289763260     
  0.18627875958652890     
  0.18647882627542517     
  0.18667889296432147     
  0.18687895965321777     
  0.18707902634211407     
  0.18727909303101037     
  0.18747915971990667     
  0.18767922640880297     
  0.18787929309769927     
  0.18807935978659557     
  0.18827942647549187     
  0.18847949316438817     
  0.18867955985328447     
  0.18887962654218077     
  0.18907969323107707     
  0.18927975991997337     
  0.18947982660886967     
  0.18967989329776597     
  0.18987995998666227     
  0.19008002667555857     
  0.19028009336445487     
  0.19048016005335117     
  0.19068022674224747     
  0.19088029343114377     
  0.19108036012004007     
  0.19128042680893637     
  0.19148049349783267     
  0.19168056018672894     
  0.19188062687562524     
  0.19208069356452154     
  0.19228076025341784     
  0.19248082694231414     
  0.19268089363121044     
  0.19288096032010674     
  0.19308102700900304     
  0.19328109369789934     
  0.19348116038679564     
  0.19368122707569194     
  0.19388129376458824     
  0.19408136045348454     
  0.19428142714238084     
  0.19448149383127714     
  0.19468156052017344     
  0.19488162720906974     
  0.19508169389796604     
  0.19528176058686234     
  0.19548182727575864     
  0.19568189396465493     
  0.19588196065355123     
  0.19608202734244753     
  0.19628209403134383     
  0.19648216072024013     
  0.19668222740913643     
  0.19688229409803273     
  0.19708236078692901     
  0.19728242747582531     
  0.19748249416472161     
  0.19768256085361791     
  0.19788262754251421     
  0.19808269423141051     
  0.19828276092030681     
  0.19848282760920311     
  0.19868289429809941     
  0.19888296098699570     
  0.19908302767589200     
  0.19928309436478830     
  0.19948316105368460     
  0.19968322774258090     
  0.19988329443147720     
  0.20008336112037350     
  0.20028342780926980     
  0.20048349449816610     
  0.20068356118706240     
  0.20088362787595870     
  0.20108369456485500     
  0.20128376125375130     
  0.20148382794264760     
  0.20168389463154390     
  0.20188396132044020     
  0.20208402800933650     
  0.20228409469823277     
  0.20248416138712907     
  0.20268422807602537     
  0.20288429476492167     
  0.20308436145381797     
  0.20328442814271427     
  0.20348449483161057     
  0.20368456152050687     
  0.20388462820940317     
  0.20408469489829947     
  0.20428476158719577     
  0.20448482827609207     
  0.20468489496498837     
  0.20488496165388467     
  0.20508502834278097     
  0.20528509503167727     
  0.20548516172057357     
  0.20568522840946987     
  0.20588529509836617     
  0.20608536178726247     
  0.20628542847615877     
  0.20648549516505507     
  0.20668556185395137     
  0.20688562854284767     
  0.20708569523174397     
  0.20728576192064027     
  0.20748582860953654     
  0.20768589529843284     
  0.20788596198732914     
  0.20808602867622544     
  0.20828609536512174     
  0.20848616205401804     
  0.20868622874291434     
  0.20888629543181064     
  0.20908636212070694     
  0.20928642880960324     
  0.20948649549849954     
  0.20968656218739584     
  0.20988662887629214     
  0.21008669556518844     
  0.21028676225408474     
  0.21048682894298104     
  0.21068689563187734     
  0.21088696232077364     
  0.21108702900966994     
  0.21128709569856624     
  0.21148716238746254     
  0.21168722907635884     
  0.21188729576525514     
  0.21208736245415144     
  0.21228742914304774     
  0.21248749583194404     
  0.21268756252084031     
  0.21288762920973661     
  0.21308769589863291     
  0.21328776258752921     
  0.21348782927642551     
  0.21368789596532181     
  0.21388796265421811     
  0.21408802934311441     
  0.21428809603201071     
  0.21448816272090701     
  0.21468822940980331     
  0.21488829609869961     
  0.21508836278759591     
  0.21528842947649221     
  0.21548849616538851     
  0.21568856285428481     
  0.21588862954318111     
  0.21608869623207741     
  0.21628876292097371     
  0.21648882960987001     
  0.21668889629876631     
  0.21688896298766261     
  0.21708902967655891     
  0.21728909636545521     
  0.21748916305435151     
  0.21768922974324781     
  0.21788929643214411     
  0.21808936312104038     
  0.21828942980993668     
  0.21848949649883298     
  0.21868956318772928     
  0.21888962987662558     
  0.21908969656552188     
  0.21928976325441818     
  0.21948982994331448     
  0.21968989663221078     
  0.21988996332110708     
  0.22009003001000338     
  0.22029009669889968     
  0.22049016338779598     
  0.22069023007669228     
  0.22089029676558858     
  0.22109036345448488     
  0.22129043014338118     
  0.22149049683227748     
  0.22169056352117378     
  0.22189063021007008     
  0.22209069689896638     
  0.22229076358786268     
  0.22249083027675898     
  0.22269089696565528     
  0.22289096365455158     
  0.22309103034344788     
  0.22329109703234415     
  0.22349116372124045     
  0.22369123041013675     
  0.22389129709903305     
  0.22409136378792935     
  0.22429143047682565     
  0.22449149716572195     
  0.22469156385461825     
  0.22489163054351455     
  0.22509169723241085     
  0.22529176392130715     
  0.22549183061020345     
  0.22569189729909975     
  0.22589196398799605     
  0.22609203067689235     
  0.22629209736578865     
  0.22649216405468495     
  0.22669223074358125     
  0.22689229743247755     
  0.22709236412137385     
  0.22729243081027015     
  0.22749249749916645     
  0.22769256418806275     
  0.22789263087695905     
  0.22809269756585535     
  0.22829276425475165     
  0.22849283094364792     
  0.22869289763254422     
  0.22889296432144052     
  0.22909303101033682     
  0.22929309769923312     
  0.22949316438812942     
  0.22969323107702572     
  0.22989329776592202     
  0.23009336445481832     
  0.23029343114371462     
  0.23049349783261092     
  0.23069356452150722     
  0.23089363121040352     
  0.23109369789929982     
  0.23129376458819612     
  0.23149383127709242     
  0.23169389796598872     
  0.23189396465488502     
  0.23209403134378132     
  0.23229409803267762     
  0.23249416472157391     
  0.23269423141047021     
  0.23289429809936651     
  0.23309436478826281     
  0.23329443147715911     
  0.23349449816605541     
  0.23369456485495169     
  0.23389463154384799     
  0.23409469823274429     
  0.23429476492164059     
  0.23449483161053689     
  0.23469489829943319     
  0.23489496498832949     
  0.23509503167722579     
  0.23529509836612209     
  0.23549516505501839     
  0.23569523174391468     
  0.23589529843281098     
  0.23609536512170728     
  0.23629543181060358     
  0.23649549849949988     
  0.23669556518839618     
  0.23689563187729248     
  0.23709569856618878     
  0.23729576525508508     
  0.23749583194398138     
  0.23769589863287768     
  0.23789596532177398     
  0.23809603201067028     
  0.23829609869956658     
  0.23849616538846288     
  0.23869623207735918     
  0.23889629876625548     
  0.23909636545515175     
  0.23929643214404805     
  0.23949649883294435     
  0.23969656552184065     
  0.23989663221073695     
  0.24009669889963325     
  0.24029676558852955     
  0.24049683227742585     
  0.24069689896632215     
  0.24089696565521845     
  0.24109703234411475     
  0.24129709903301105     
  0.24149716572190735     
  0.24169723241080365     
  0.24189729909969995     
  0.24209736578859625     
  0.24229743247749255     
  0.24249749916638885     
  0.24269756585528515     
  0.24289763254418145     
  0.24309769923307775     
  0.24329776592197405     
  0.24349783261087035     
  0.24369789929976665     
  0.24389796598866295     
  0.24409803267755925     
  0.24429809936645552     
  0.24449816605535182     
  0.24469823274424812     
  0.24489829943314442     
  0.24509836612204072     
  0.24529843281093702     
  0.24549849949983332     
  0.24569856618872962     
  0.24589863287762592     
  0.24609869956652222     
  0.24629876625541852     
  0.24649883294431482     
  0.24669889963321112     
  0.24689896632210742     
  0.24709903301100372     
  0.24729909969990002     
  0.24749916638879632     
  0.24769923307769262     
  0.24789929976658892     
  0.24809936645548522     
  0.24829943314438152     
  0.24849949983327782     
  0.24869956652217412     
  0.24889963321107042     
  0.24909969989996672     
  0.24929976658886302     
  0.24949983327775929     
  0.24969989996665559     
  0.24989996665555189     
  0.25010003334444819     
  0.25030010003334452     
  0.25050016672224079     
  0.25070023341113712     
  0.25090030010003339     
  0.25110036678892972     
  0.25130043347782599     
  0.25150050016672232     
  0.25170056685561859     
  0.25190063354451492     
  0.25210070023341119     
  0.25230076692230746     
  0.25250083361120379     
  0.25270090030010006     
  0.25290096698899639     
  0.25310103367789266     
  0.25330110036678899     
  0.25350116705568526     
  0.25370123374458159     
  0.25390130043347786     
  0.25410136712237419     
  0.25430143381127046     
  0.25450150050016679     
  0.25470156718906306     
  0.25490163387795939     
  0.25510170056685566     
  0.25530176725575199     
  0.25550183394464826     
  0.25570190063354459     
  0.25590196732244086     
  0.25610203401133719     
  0.25630210070023346     
  0.25650216738912979     
  0.25670223407802606     
  0.25690230076692239     
  0.25710236745581866     
  0.25730243414471499     
  0.25750250083361126     
  0.25770256752250753     
  0.25790263421140386     
  0.25810270090030013     
  0.25830276758919646     
  0.25850283427809273     
  0.25870290096698906     
  0.25890296765588533     
  0.25910303434478166     
  0.25930310103367793     
  0.25950316772257426     
  0.25970323441147053     
  0.25990330110036686     
  0.26010336778926313     
  0.26030343447815946     
  0.26050350116705573     
  0.26070356785595206     
  0.26090363454484833     
  0.26110370123374466     
  0.26130376792264093     
  0.26150383461153726     
  0.26170390130043353     
  0.26190396798932986     
  0.26210403467822613     
  0.26230410136712246     
  0.26250416805601873     
  0.26270423474491500     
  0.26290430143381133     
  0.26310436812270760     
  0.26330443481160393     
  0.26350450150050020     
  0.26370456818939653     
  0.26390463487829280     
  0.26410470156718913     
  0.26430476825608540     
  0.26450483494498173     
  0.26470490163387800     
  0.26490496832277433     
  0.26510503501167060     
  0.26530510170056693     
  0.26550516838946320     
  0.26570523507835953     
  0.26590530176725580     
  0.26610536845615212     
  0.26630543514504840     
  0.26650550183394472     
  0.26670556852284100     
  0.26690563521173732     
  0.26710570190063360     
  0.26730576858952992     
  0.26750583527842620     
  0.26770590196732252     
  0.26790596865621880     
  0.26810603534511507     
  0.26830610203401140     
  0.26850616872290767     
  0.26870623541180400     
  0.26890630210070027     
  0.26910636878959660     
  0.26930643547849287     
  0.26950650216738919     
  0.26970656885628547     
  0.26990663554518179     
  0.27010670223407807     
  0.27030676892297439     
  0.27050683561187067     
  0.27070690230076699     
  0.27090696898966327     
  0.27110703567855959     
  0.27130710236745587     
  0.27150716905635219     
  0.27170723574524847     
  0.27190730243414479     
  0.27210736912304107     
  0.27230743581193739     
  0.27250750250083366     
  0.27270756918972999     
  0.27290763587862626     
  0.27310770256752254     
  0.27330776925641886     
  0.27350783594531514     
  0.27370790263421146     
  0.27390796932310774     
  0.27410803601200406     
  0.27430810270090034     
  0.27450816938979666     
  0.27470823607869294     
  0.27490830276758926     
  0.27510836945648554     
  0.27530843614538186     
  0.27550850283427814     
  0.27570856952317446     
  0.27590863621207073     
  0.27610870290096706     
  0.27630876958986333     
  0.27650883627875966     
  0.27670890296765593     
  0.27690896965655226     
  0.27710903634544853     
  0.27730910303434486     
  0.27750916972324113     
  0.27770923641213746     
  0.27790930310103373     
  0.27810936978993006     
  0.27830943647882633     
  0.27850950316772261     
  0.27870956985661893     
  0.27890963654551520     
  0.27910970323441153     
  0.27930976992330780     
  0.27950983661220413     
  0.27970990330110040     
  0.27990996998999673     
  0.28011003667889300     
  0.28031010336778933     
  0.28051017005668560     
  0.28071023674558193     
  0.28091030343447820     
  0.28111037012337453     
  0.28131043681227080     
  0.28151050350116713     
  0.28171057019006340     
  0.28191063687895973     
  0.28211070356785600     
  0.28231077025675233     
  0.28251083694564860     
  0.28271090363454493     
  0.28291097032344120     
  0.28311103701233753     
  0.28331110370123380     
  0.28351117039013013     
  0.28371123707902640     
  0.28391130376792267     
  0.28411137045681900     
  0.28431143714571527     
  0.28451150383461160     
  0.28471157052350787     
  0.28491163721240420     
  0.28511170390130047     
  0.28531177059019680     
  0.28551183727909307     
  0.28571190396798940     
  0.28591197065688567     
  0.28611203734578200     
  0.28631210403467827     
  0.28651217072357460     
  0.28671223741247087     
  0.28691230410136720     
  0.28711237079026347     
  0.28731243747915980     
  0.28751250416805607     
  0.28771257085695240     
  0.28791263754584867     
  0.28811270423474500     
  0.28831277092364127     
  0.28851283761253760     
  0.28871290430143387     
  0.28891297099033014     
  0.28911303767922647     
  0.28931310436812274     
  0.28951317105701907     
  0.28971323774591534     
  0.28991330443481167     
  0.29011337112370794     
  0.29031343781260427     
  0.29051350450150054     
  0.29071357119039687     
  0.29091363787929314     
  0.29111370456818947     
  0.29131377125708574     
  0.29151383794598207     
  0.29171390463487834     
  0.29191397132377467     
  0.29211403801267094     
  0.29231410470156727     
  0.29251417139046354     
  0.29271423807935987     
  0.29291430476825614     
  0.29311437145715247     
  0.29331443814604874     
  0.29351450483494507     
  0.29371457152384134     
  0.29391463821273767     
  0.29411470490163394     
  0.29431477159053021     
  0.29451483827942654     
  0.29471490496832281     
  0.29491497165721914     
  0.29511503834611541     
  0.29531510503501174     
  0.29551517172390801     
  0.29571523841280434     
  0.29591530510170061     
  0.29611537179059694     
  0.29631543847949321     
  0.29651550516838954     
  0.29671557185728581     
  0.29691563854618214     
  0.29711570523507841     
  0.29731577192397474     
  0.29751583861287101     
  0.29771590530176734     
  0.29791597199066361     
  0.29811603867955994     
  0.29831610536845621     
  0.29851617205735254     
  0.29871623874624881     
  0.29891630543514514     
  0.29911637212404141     
  0.29931643881293774     
  0.29951650550183401     
  0.29971657219073028     
  0.29991663887962661     
  0.30011670556852288     
  0.30031677225741921     
  0.30051683894631548     
  0.30071690563521181     
  0.30091697232410808     
  0.30111703901300441     
  0.30131710570190068     
  0.30151717239079701     
  0.30171723907969328     
  0.30191730576858961     
  0.30211737245748588     
  0.30231743914638221     
  0.30251750583527848     
  0.30271757252417480     
  0.30291763921307108     
  0.30311770590196740     
  0.30331777259086368     
  0.30351783927976000     
  0.30371790596865628     
  0.30391797265755260     
  0.30411803934644888     
  0.30431810603534520     
  0.30451817272424148     
  0.30471823941313775     
  0.30491830610203408     
  0.30511837279093035     
  0.30531843947982668     
  0.30551850616872295     
  0.30571857285761928     
  0.30591863954651555     
  0.30611870623541187     
  0.30631877292430815     
  0.30651883961320447     
  0.30671890630210075     
  0.30691897299099707     
  0.30711903967989335     
  0.30731910636878967     
  0.30751917305768595     
  0.30771923974658227     
  0.30791930643547855     
  0.30811937312437487     
  0.30831943981327115     
  0.30851950650216747     
  0.30871957319106375     
  0.30891963987996007     
  0.30911970656885635     
  0.30931977325775267     
  0.30951983994664894     
  0.30971990663554527     
  0.30991997332444154     
  0.31012004001333782     
  0.31032010670223414     
  0.31052017339113042     
  0.31072024008002674     
  0.31092030676892302     
  0.31112037345781934     
  0.31132044014671562     
  0.31152050683561194     
  0.31172057352450822     
  0.31192064021340454     
  0.31212070690230082     
  0.31232077359119714     
  0.31252084028009341     
  0.31272090696898974     
  0.31292097365788601     
  0.31312104034678234     
  0.31332110703567861     
  0.31352117372457494     
  0.31372124041347121     
  0.31392130710236754     
  0.31412137379126381     
  0.31432144048016014     
  0.31452150716905641     
  0.31472157385795274     
  0.31492164054684901     
  0.31512170723574529     
  0.31532177392464161     
  0.31552184061353789     
  0.31572190730243421     
  0.31592197399133048     
  0.31612204068022681     
  0.31632210736912308     
  0.31652217405801941     
  0.31672224074691568     
  0.31692230743581201     
  0.31712237412470828     
  0.31732244081360461     
  0.31752250750250088     
  0.31772257419139721     
  0.31792264088029348     
  0.31812270756918981     
  0.31832277425808608     
  0.31852284094698241     
  0.31872290763587868     
  0.31892297432477501     
  0.31912304101367128     
  0.31932310770256761     
  0.31952317439146388     
  0.31972324108036021     
  0.31992330776925648     
  0.32012337445815281     
  0.32032344114704908     
  0.32052350783594535     
  0.32072357452484168     
  0.32092364121373795     
  0.32112370790263428     
  0.32132377459153055     
  0.32152384128042688     
  0.32172390796932315     
  0.32192397465821948     
  0.32212404134711575     
  0.32232410803601208     
  0.32252417472490835     
  0.32272424141380468     
  0.32292430810270095     
  0.32312437479159728     
  0.32332444148049355     
  0.32352450816938988     
  0.32372457485828615     
  0.32392464154718248     
  0.32412470823607875     
  0.32432477492497508     
  0.32452484161387135     
  0.32472490830276768     
  0.32492497499166395     
  0.32512504168056028     
  0.32532510836945655     
  0.32552517505835288     
  0.32572524174724915     
  0.32592530843614542     
  0.32612537512504175     
  0.32632544181393802     
  0.32652550850283435     
  0.32672557519173062     
  0.32692564188062695     
  0.32712570856952322     
  0.32732577525841955     
  0.32752584194731582     
  0.32772590863621215     
  0.32792597532510842     
  0.32812604201400475     
  0.32832610870290102     
  0.32852617539179735     
  0.32872624208069362     
  0.32892630876958995     
  0.32912637545848622     
  0.32932644214738255     
  0.32952650883627882     
  0.32972657552517515     
  0.32992664221407142     
  0.33012670890296775     
  0.33032677559186402     
  0.33052684228076035     
  0.33072690896965662     
  0.33092697565855289     
  0.33112704234744922     
  0.33132710903634549     
  0.33152717572524182     
  0.33172724241413809     
  0.33192730910303442     
  0.33212737579193069     
  0.33232744248082702     
  0.33252750916972329     
  0.33272757585861962     
  0.33292764254751589     
  0.33312770923641222     
  0.33332777592530849     
  0.33352784261420482     
  0.33372790930310109     
  0.33392797599199742     
  0.33412804268089369     
  0.33432810936979002     
  0.33452817605868629     
  0.33472824274758262     
  0.33492830943647889     
  0.33512837612537522     
  0.33532844281427149     
  0.33552850950316782     
  0.33572857619206409     
  0.33592864288096042     
  0.33612870956985669     
  0.33632877625875296     
  0.33652884294764929     
  0.33672890963654556     
  0.33692897632544189     
  0.33712904301433816     
  0.33732910970323449     
  0.33752917639213076     
  0.33772924308102709     
  0.33792930976992336     
  0.33812937645881969     
  0.33832944314771596     
  0.33852950983661229     
  0.33872957652550856     
  0.33892964321440489     
  0.33912970990330116     
  0.33932977659219749     
  0.33952984328109376     
  0.33972990996999008     
  0.33992997665888636     
  0.34013004334778268     
  0.34033011003667896     
  0.34053017672557528     
  0.34073024341447156     
  0.34093031010336788     
  0.34113037679226416     
  0.34133044348116048     
  0.34153051017005676     
  0.34173057685895303     
  0.34193064354784936     
  0.34213071023674563     
  0.34233077692564196     
  0.34253084361453823     
  0.34273091030343455     
  0.34293097699233083     
  0.34313104368122715     
  0.34333111037012343     
  0.34353117705901975     
  0.34373124374791603     
  0.34393131043681235     
  0.34413137712570863     
  0.34433144381460495     
  0.34453151050350123     
  0.34473157719239755     
  0.34493164388129383     
  0.34513171057019015     
  0.34533177725908643     
  0.34553184394798275     
  0.34573191063687903     
  0.34593197732577535     
  0.34613204401467162     
  0.34633211070356795     
  0.34653217739246422     
  0.34673224408136050     
  0.34693231077025682     
  0.34713237745915310     
  0.34733244414804942     
  0.34753251083694570     
  0.34773257752584202     
  0.34793264421473830     
  0.34813271090363462     
  0.34833277759253090     
  0.34853284428142722     
  0.34873291097032350     
  0.34893297765921982     
  0.34913304434811610     
  0.34933311103701242     
  0.34953317772590869     
  0.34973324441480502     
  0.34993331110370129     
  0.35013337779259762     
  0.35033344448149389     
  0.35053351117039022     
  0.35073357785928649     
  0.35093364454818282     
  0.35113371123707909     
  0.35133377792597542     
  0.35153384461487169     
  0.35173391130376802     
  0.35193397799266429     
  0.35213404468156057     
  0.35233411137045689     
  0.35253417805935316     
  0.35273424474824949     
  0.35293431143714576     
  0.35313437812604209     
  0.35333444481493836     
  0.35353451150383469     
  0.35373457819273096     
  0.35393464488162729     
  0.35413471157052356     
  0.35433477825941989     
  0.35453484494831616     
  0.35473491163721249     
  0.35493497832610876     
  0.35513504501500509     
  0.35533511170390136     
  0.35553517839279769     
  0.35573524508169396     
  0.35593531177059029     
  0.35613537845948656     
  0.35633544514838289     
  0.35653551183727916     
  0.35673557852617549     
  0.35693564521507176     
  0.35713571190396803     
  0.35733577859286436     
  0.35753584528176063     
  0.35773591197065696     
  0.35793597865955323     
  0.35813604534844956     
  0.35833611203734583     
  0.35853617872624216     
  0.35873624541513843     
  0.35893631210403476     
  0.35913637879293103     
  0.35933644548182736     
  0.35953651217072363     
  0.35973657885961996     
  0.35993664554851623     
  0.36013671223741256     
  0.36033677892630883     
  0.36053684561520516     
  0.36073691230410143     
  0.36093697899299776     
  0.36113704568189403     
  0.36133711237079036     
  0.36153717905968663     
  0.36173724574858296     
  0.36193731243747923     
  0.36213737912637556     
  0.36233744581527183     
  0.36253751250416810     
  0.36273757919306443     
  0.36293764588196070     
  0.36313771257085703     
  0.36333777925975330     
  0.36353784594864963     
  0.36373791263754590     
  0.36393797932644223     
  0.36413804601533850     
  0.36433811270423483     
  0.36453817939313110     
  0.36473824608202743     
  0.36493831277092370     
  0.36513837945982003     
  0.36533844614871630     
  0.36553851283761263     
  0.36573857952650890     
  0.36593864621540523     
  0.36613871290430150     
  0.36633877959319783     
  0.36653884628209410     
  0.36673891297099043     
  0.36693897965988670     
  0.36713904634878303     
  0.36733911303767930     
  0.36753917972657563     
  0.36773924641547190     
  0.36793931310436817     
  0.36813937979326450     
  0.36833944648216077     
  0.36853951317105710     
  0.36873957985995337     
  0.36893964654884970     
  0.36913971323774597     
  0.36933977992664230     
  0.36953984661553857     
  0.36973991330443490     
  0.36993997999333117     
  0.37014004668222750     
  0.37034011337112377     
  0.37054018006002010     
  0.37074024674891637     
  0.37094031343781270     
  0.37114038012670897     
  0.37134044681560530     
  0.37154051350450157     
  0.37174058019339790     
  0.37194064688229417     
  0.37214071357119050     
  0.37234078026008677     
  0.37254084694898310     
  0.37274091363787937     
  0.37294098032677564     
  0.37314104701567197     
  0.37334111370456824     
  0.37354118039346457     
  0.37374124708236084     
  0.37394131377125717     
  0.37414138046015344     
  0.37434144714904977     
  0.37454151383794604     
  0.37474158052684237     
  0.37494164721573864     
  0.37514171390463497     
  0.37534178059353124     
  0.37554184728242757     
  0.37574191397132384     
  0.37594198066022017     
  0.37614204734911644     
  0.37634211403801276     
  0.37654218072690904     
  0.37674224741580536     
  0.37694231410470164     
  0.37714238079359796     
  0.37734244748249424     
  0.37754251417139056     
  0.37774258086028684     
  0.37794264754918316     
  0.37814271423807944     
  0.37834278092697571     
  0.37854284761587204     
  0.37874291430476831     
  0.37894298099366464     
  0.37914304768256091     
  0.37934311437145724     
  0.37954318106035351     
  0.37974324774924983     
  0.37994331443814611     
  0.38014338112704243     
  0.38034344781593871     
  0.38054351450483503     
  0.38074358119373131     
  0.38094364788262763     
  0.38114371457152391     
  0.38134378126042023     
  0.38154384794931651     
  0.38174391463821283     
  0.38194398132710911     
  0.38214404801600543     
  0.38234411470490171     
  0.38254418139379803     
  0.38274424808269430     
  0.38294431477159063     
  0.38314438146048690     
  0.38334444814938323     
  0.38354451483827950     
  0.38374458152717578     
  0.38394464821607210     
  0.38414471490496838     
  0.38434478159386470     
  0.38454484828276098     
  0.38474491497165730     
  0.38494498166055358     
  0.38514504834944990     
  0.38534511503834618     
  0.38554518172724250     
  0.38574524841613878     
  0.38594531510503510     
  0.38614538179393137     
  0.38634544848282770     
  0.38654551517172397     
  0.38674558186062030     
  0.38694564854951657     
  0.38714571523841290     
  0.38734578192730917     
  0.38754584861620550     
  0.38774591530510177     
  0.38794598199399810     
  0.38814604868289437     
  0.38834611537179070     
  0.38854618206068697     
  0.38874624874958325     
  0.38894631543847957     
  0.38914638212737584     
  0.38934644881627217     
  0.38954651550516844     
  0.38974658219406477     
  0.38994664888296104     
  0.39014671557185737     
  0.39034678226075364     
  0.39054684894964997     
  0.39074691563854624     
  0.39094698232744257     
  0.39114704901633884     
  0.39134711570523517     
  0.39154718239413144     
  0.39174724908302777     
  0.39194731577192404     
  0.39214738246082037     
  0.39234744914971664     
  0.39254751583861297     
  0.39274758252750924     
  0.39294764921640557     
  0.39314771590530184     
  0.39334778259419817     
  0.39354784928309444     
  0.39374791597199077     
  0.39394798266088704     
  0.39414804934978331     
  0.39434811603867964     
  0.39454818272757591     
  0.39474824941647224     
  0.39494831610536851     
  0.39514838279426484     
  0.39534844948316111     
  0.39554851617205744     
  0.39574858286095371     
  0.39594864954985004     
  0.39614871623874631     
  0.39634878292764264     
  0.39654884961653891     
  0.39674891630543524     
  0.39694898299433151     
  0.39714904968322784     
  0.39734911637212411     
  0.39754918306102044     
  0.39774924974991671     
  0.39794931643881304     
  0.39814938312770931     
  0.39834944981660564     
  0.39854951650550191     
  0.39874958319439824     
  0.39894964988329451     
  0.39914971657219078     
  0.39934978326108711     
  0.39954984994998338     
  0.39974991663887971     
  0.39994998332777598     
  0.40015005001667231     
  0.40035011670556858     
  0.40055018339446491     
  0.40075025008336118     
  0.40095031677225751     
  0.40115038346115378     
  0.40135045015005011     
  0.40155051683894638     
  0.40175058352784271     
  0.40195065021673898     
  0.40215071690563531     
  0.40235078359453158     
  0.40255085028342791     
  0.40275091697232418     
  0.40295098366122051     
  0.40315105035011678     
  0.40335111703901311     
  0.40355118372790938     
  0.40375125041680571     
  0.40395131710570198     
  0.40415138379459831     
  0.40435145048349458     
  0.40455151717239085     
  0.40475158386128718     
  0.40495165055018345     
  0.40515171723907978     
  0.40535178392797605     
  0.40555185061687238     
  0.40575191730576865     
  0.40595198399466498     
  0.40615205068356125     
  0.40635211737245758     
  0.40655218406135385     
  0.40675225075025018     
  0.40695231743914645     
  0.40715238412804278     
  0.40735245081693905     
  0.40755251750583538     
  0.40775258419473165     
  0.40795265088362798     
  0.40815271757252425     
  0.40835278426142058     
  0.40855285095031685     
  0.40875291763921318     
  0.40895298432810945     
  0.40915305101700578     
  0.40935311770590205     
  0.40955318439479838     
  0.40975325108369465     
  0.40995331777259092     
  0.41015338446148725     
  0.41035345115038352     
  0.41055351783927985     
  0.41075358452817612     
  0.41095365121707245     
  0.41115371790596872     
  0.41135378459486505     
  0.41155385128376132     
  0.41175391797265765     
  0.41195398466155392     
  0.41215405135045025     
  0.41235411803934652     
  0.41255418472824285     
  0.41275425141713912     
  0.41295431810603545     
  0.41315438479493172     
  0.41335445148382804     
  0.41355451817272432     
  0.41375458486162064     
  0.41395465155051692     
  0.41415471823941324     
  0.41435478492830952     
  0.41455485161720584     
  0.41475491830610212     
  0.41495498499499839     
  0.41515505168389472     
  0.41535511837279099     
  0.41555518506168732     
  0.41575525175058359     
  0.41595531843947992     
  0.41615538512837619     
  0.41635545181727251     
  0.41655551850616879     
  0.41675558519506511     
  0.41695565188396139     
  0.41715571857285771     
  0.41735578526175399     
  0.41755585195065031     
  0.41775591863954659     
  0.41795598532844291     
  0.41815605201733919     
  0.41835611870623551     
  0.41855618539513179     
  0.41875625208402811     
  0.41895631877292439     
  0.41915638546182071     
  0.41935645215071699     
  0.41955651883961331     
  0.41975658552850958     
  0.41995665221740591     
  0.42015671890630218     
  0.42035678559519846     
  0.42055685228409478     
  0.42075691897299106     
  0.42095698566188738     
  0.42115705235078366     
  0.42135711903967998     
  0.42155718572857626     
  0.42175725241747258     
  0.42195731910636886     
  0.42215738579526518     
  0.42235745248416146     
  0.42255751917305778     
  0.42275758586195405     
  0.42295765255085038     
  0.42315771923974665     
  0.42335778592864298     
  0.42355785261753925     
  0.42375791930643558     
  0.42395798599533185     
  0.42415805268422818     
  0.42435811937312445     
  0.42455818606202078     
  0.42475825275091705     
  0.42495831943981338     
  0.42515838612870965     
  0.42535845281760598     
  0.42555851950650225     
  0.42575858619539853     
  0.42595865288429485     
  0.42615871957319112     
  0.42635878626208745     
  0.42655885295098372     
  0.42675891963988005     
  0.42695898632877632     
  0.42715905301767265     
  0.42735911970656892     
  0.42755918639546525     
  0.42775925308436152     
  0.42795931977325785     
  0.42815938646215412     
  0.42835945315105045     
  0.42855951983994672     
  0.42875958652884305     
  0.42895965321773932     
  0.42915971990663565     
  0.42935978659553192     
  0.42955985328442825     
  0.42975991997332452     
  0.42995998666222085     
  0.43016005335111712     
  0.43036012004001345     
  0.43056018672890972     
  0.43076025341780599     
  0.43096032010670232     
  0.43116038679559859     
  0.43136045348449492     
  0.43156052017339119     
  0.43176058686228752     
  0.43196065355118379     
  0.43216072024008012     
  0.43236078692897639     
  0.43256085361787272     
  0.43276092030676899     
  0.43296098699566532     
  0.43316105368456159     
  0.43336112037345792     
  0.43356118706235419     
  0.43376125375125052     
  0.43396132044014679     
  0.43416138712904312     
  0.43436145381793939     
  0.43456152050683572     
  0.43476158719573199     
  0.43496165388462832     
  0.43516172057352459     
  0.43536178726242092     
  0.43556185395131719     
  0.43576192064021352     
  0.43596198732910979     
  0.43616205401800606     
  0.43636212070690239     
  0.43656218739579866     
  0.43676225408469499     
  0.43696232077359126     
  0.43716238746248759     
  0.43736245415138386     
  0.43756252084028019     
  0.43776258752917646     
  0.43796265421807279     
  0.43816272090696906     
  0.43836278759586539     
  0.43856285428476166     
  0.43876292097365799     
  0.43896298766255426     
  0.43916305435145059     
  0.43936312104034686     
  0.43956318772924319     
  0.43976325441813946     
  0.43996332110703579     
  0.44016338779593206     
  0.44036345448482839     
  0.44056352117372466     
  0.44076358786262099     
  0.44096365455151726     
  0.44116372124041353     
  0.44136378792930986     
  0.44156385461820613     
  0.44176392130710246     
  0.44196398799599873     
  0.44216405468489506     
  0.44236412137379133     
  0.44256418806268766     
  0.44276425475158393     
  0.44296432144048026     
  0.44316438812937653     
  0.44336445481827286     
  0.44356452150716913     
  0.44376458819606546     
  0.44396465488496173     
  0.44416472157385806     
  0.44436478826275433     
  0.44456485495165066     
  0.44476492164054693     
  0.44496498832944326     
  0.44516505501833953     
  0.44536512170723586     
  0.44556518839613213     
  0.44576525508502846     
  0.44596532177392473     
  0.44616538846282106     
  0.44636545515171733     
  0.44656552184061360     
  0.44676558852950993     
  0.44696565521840620     
  0.44716572190730253     
  0.44736578859619880     
  0.44756585528509513     
  0.44776592197399140     
  0.44796598866288773     
  0.44816605535178400     
  0.44836612204068033     
  0.44856618872957660     
  0.44876625541847293     
  0.44896632210736920     
  0.44916638879626553     
  0.44936645548516180     
  0.44956652217405813     
  0.44976658886295440     
  0.44996665555185072     
  0.45016672224074700     
  0.45036678892964332     
  0.45056685561853960     
  0.45076692230743592     
  0.45096698899633220     
  0.45116705568522852     
  0.45136712237412480     
  0.45156718906302112     
  0.45176725575191740     
  0.45196732244081367     
  0.45216738912971000     
  0.45236745581860627     
  0.45256752250750260     
  0.45276758919639887     
  0.45296765588529520     
  0.45316772257419147     
  0.45336778926308779     
  0.45356785595198407     
  0.45376792264088039     
  0.45396798932977667     
  0.45416805601867299     
  0.45436812270756927     
  0.45456818939646559     
  0.45476825608536187     
  0.45496832277425819     
  0.45516838946315447     
  0.45536845615205079     
  0.45556852284094707     
  0.45576858952984339     
  0.45596865621873967     
  0.45616872290763599     
  0.45636878959653226     
  0.45656885628542859     
  0.45676892297432486     
  0.45696898966322114     
  0.45716905635211746     
  0.45736912304101374     
  0.45756918972991006     
  0.45776925641880634     
  0.45796932310770266     
  0.45816938979659894     
  0.45836945648549526     
  0.45856952317439154     
  0.45876958986328786     
  0.45896965655218414     
  0.45916972324108046     
  0.45936978992997674     
  0.45956985661887306     
  0.45976992330776933     
  0.45996998999666566     
  0.46017005668556193     
  0.46037012337445826     
  0.46057019006335453     
  0.46077025675225086     
  0.46097032344114713     
  0.46117039013004346     
  0.46137045681893973     
  0.46157052350783606     
  0.46177059019673233     
  0.46197065688562866     
  0.46217072357452493     
  0.46237079026342121     
  0.46257085695231753     
  0.46277092364121380     
  0.46297099033011013     
  0.46317105701900640     
  0.46337112370790273     
  0.46357119039679900     
  0.46377125708569533     
  0.46397132377459160     
  0.46417139046348793     
  0.46437145715238420     
  0.46457152384128053     
  0.46477159053017680     
  0.46497165721907313     
  0.46517172390796940     
  0.46537179059686573     
  0.46557185728576200     
  0.46577192397465833     
  0.46597199066355460     
  0.46617205735245093     
  0.46637212404134720     
  0.46657219073024353     
  0.46677225741913980     
  0.46697232410803613     
  0.46717239079693240     
  0.46737245748582873     
  0.46757252417472500     
  0.46777259086362127     
  0.46797265755251760     
  0.46817272424141387     
  0.46837279093031020     
  0.46857285761920647     
  0.46877292430810280     
  0.46897299099699907     
  0.46917305768589540     
  0.46937312437479167     
  0.46957319106368800     
  0.46977325775258427     
  0.46997332444148060     
  0.47017339113037687     
  0.47037345781927320     
  0.47057352450816947     
  0.47077359119706580     
  0.47097365788596207     
  0.47117372457485840     
  0.47137379126375467     
  0.47157385795265100     
  0.47177392464154727     
  0.47197399133044360     
  0.47217405801933987     
  0.47237412470823620     
  0.47257419139713247     
  0.47277425808602874     
  0.47297432477492507     
  0.47317439146382134     
  0.47337445815271767     
  0.47357452484161394     
  0.47377459153051027     
  0.47397465821940654     
  0.47417472490830287     
  0.47437479159719914     
  0.47457485828609547     
  0.47477492497499174     
  0.47497499166388807     
  0.47517505835278434     
  0.47537512504168067     
  0.47557519173057694     
  0.47577525841947327     
  0.47597532510836954     
  0.47617539179726587     
  0.47637545848616214     
  0.47657552517505847     
  0.47677559186395474     
  0.47697565855285107     
  0.47717572524174734     
  0.47737579193064367     
  0.47757585861953994     
  0.47777592530843627     
  0.47797599199733254     
  0.47817605868622881     
  0.47837612537512514     
  0.47857619206402141     
  0.47877625875291774     
  0.47897632544181401     
  0.47917639213071034     
  0.47937645881960661     
  0.47957652550850294     
  0.47977659219739921     
  0.47997665888629554     
  0.48017672557519181     
  0.48037679226408814     
  0.48057685895298441     
  0.48077692564188074     
  0.48097699233077701     
  0.48117705901967334     
  0.48137712570856961     
  0.48157719239746594     
  0.48177725908636221     
  0.48197732577525854     
  0.48217739246415481     
  0.48237745915305114     
  0.48257752584194741     
  0.48277759253084374     
  0.48297765921974001     
  0.48317772590863634     
  0.48337779259753261     
  0.48357785928642888     
  0.48377792597532521     
  0.48397799266422148     
  0.48417805935311781     
  0.48437812604201408     
  0.48457819273091041     
  0.48477825941980668     
  0.48497832610870301     
  0.48517839279759928     
  0.48537845948649561     
  0.48557852617539188     
  0.48577859286428821     
  0.48597865955318448     
  0.48617872624208081     
  0.48637879293097708     
  0.48657885961987341     
  0.48677892630876968     
  0.48697899299766600     
  0.48717905968656228     
  0.48737912637545860     
  0.48757919306435488     
  0.48777925975325120     
  0.48797932644214748     
  0.48817939313104380     
  0.48837945981994008     
  0.48857952650883635     
  0.48877959319773268     
  0.48897965988662895     
  0.48917972657552528     
  0.48937979326442155     
  0.48957985995331788     
  0.48977992664221415     
  0.48997999333111047     
  0.49018006002000675     
  0.49038012670890307     
  0.49058019339779935     
  0.49078026008669567     
  0.49098032677559195     
  0.49118039346448827     
  0.49138046015338455     
  0.49158052684228087     
  0.49178059353117715     
  0.49198066022007347     
  0.49218072690896975     
  0.49238079359786607     
  0.49258086028676235     
  0.49278092697565867     
  0.49298099366455495     
  0.49318106035345127     
  0.49338112704234754     
  0.49358119373124387     
  0.49378126042014014     
  0.49398132710903642     
  0.49418139379793274     
  0.49438146048682902     
  0.49458152717572534     
  0.49478159386462162     
  0.49498166055351794     
  0.49518172724241422     
  0.49538179393131054     
  0.49558186062020682     
  0.49578192730910314     
  0.49598199399799942     
  0.49618206068689574     
  0.49638212737579201     
  0.49658219406468834     
  0.49678226075358461     
  0.49698232744248094     
  0.49718239413137721     
  0.49738246082027354     
  0.49758252750916981     
  0.49778259419806614     
  0.49798266088696241     
  0.49818272757585874     
  0.49838279426475501     
  0.49858286095365134     
  0.49878292764254761     
  0.49898299433144389     
  0.49918306102034021     
  0.49938312770923649     
  0.49958319439813281     
  0.49978326108702908     
  0.49998332777592541     
  0.50018339446482174     
  0.50038346115371801     
  0.50058352784261428     
  0.50078359453151056     
  0.50098366122040694     
  0.50118372790930321     
  0.50138379459819948     
  0.50158386128709576     
  0.50178392797599214     
  0.50198399466488841     
  0.50218406135378468     
  0.50238412804268096     
  0.50258419473157734     
  0.50278426142047361     
  0.50298432810936988     
  0.50318439479826615     
  0.50338446148716254     
  0.50358452817605881     
  0.50378459486495508     
  0.50398466155385135     
  0.50418472824274774     
  0.50438479493164401     
  0.50458486162054028     
  0.50478492830943655     
  0.50498499499833283     
  0.50518506168722921     
  0.50538512837612548     
  0.50558519506502175     
  0.50578526175391803     
  0.50598532844281441     
  0.50618539513171068     
  0.50638546182060695     
  0.50658552850950322     
  0.50678559519839961     
  0.50698566188729588     
  0.50718572857619215     
  0.50738579526508842     
  0.50758586195398481     
  0.50778592864288108     
  0.50798599533177735     
  0.50818606202067362     
  0.50838612870957001     
  0.50858619539846628     
  0.50878626208736255     
  0.50898632877625882     
  0.50918639546515521     
  0.50938646215405148     
  0.50958652884294775     
  0.50978659553184402     
  0.50998666222074029     
  0.51018672890963668     
  0.51038679559853295     
  0.51058686228742922     
  0.51078692897632549     
  0.51098699566522188     
  0.51118706235411815     
  0.51138712904301442     
  0.51158719573191069     
  0.51178726242080708     
  0.51198732910970335     
  0.51218739579859962     
  0.51238746248749589     
  0.51258752917639228     
  0.51278759586528855     
  0.51298766255418482     
  0.51318772924308109     
  0.51338779593197748     
  0.51358786262087375     
  0.51378792930977002     
  0.51398799599866629     
  0.51418806268756267     
  0.51438812937645895     
  0.51458819606535522     
  0.51478826275425149     
  0.51498832944314776     
  0.51518839613204415     
  0.51538846282094042     
  0.51558852950983669     
  0.51578859619873296     
  0.51598866288762935     
  0.51618872957652562     
  0.51638879626542189     
  0.51658886295431816     
  0.51678892964321455     
  0.51698899633211082     
  0.51718906302100709     
  0.51738912970990336     
  0.51758919639879974     
  0.51778926308769602     
  0.51798932977659229     
  0.51818939646548856     
  0.51838946315438494     
  0.51858952984328122     
  0.51878959653217749     
  0.51898966322107376     
  0.51918972990997014     
  0.51938979659886642     
  0.51958986328776269     
  0.51978992997665896     
  0.51998999666555523     
  0.52019006335445162     
  0.52039013004334789     
  0.52059019673224416     
  0.52079026342114043     
  0.52099033011003681     
  0.52119039679893309     
  0.52139046348782936     
  0.52159053017672563     
  0.52179059686562201     
  0.52199066355451829     
  0.52219073024341456     
  0.52239079693231083     
  0.52259086362120721     
  0.52279093031010349     
  0.52299099699899976     
  0.52319106368789603     
  0.52339113037679241     
  0.52359119706568868     
  0.52379126375458496     
  0.52399133044348123     
  0.52419139713237761     
  0.52439146382127388     
  0.52459153051017016     
  0.52479159719906643     
  0.52499166388796281     
  0.52519173057685908     
  0.52539179726575536     
  0.52559186395465163     
  0.52579193064354790     
  0.52599199733244428     
  0.52619206402134056     
  0.52639213071023683     
  0.52659219739913310     
  0.52679226408802948     
  0.52699233077692575     
  0.52719239746582203     
  0.52739246415471830     
  0.52759253084361468     
  0.52779259753251095     
  0.52799266422140723     
  0.52819273091030350     
  0.52839279759919988     
  0.52859286428809615     
  0.52879293097699243     
  0.52899299766588870     
  0.52919306435478508     
  0.52939313104368135     
  0.52959319773257763     
  0.52979326442147390     
  0.52999333111037028     
  0.53019339779926655     
  0.53039346448816282     
  0.53059353117705910     
  0.53079359786595537     
  0.53099366455485175     
  0.53119373124374802     
  0.53139379793264430     
  0.53159386462154057     
  0.53179393131043695     
  0.53199399799933322     
  0.53219406468822950     
  0.53239413137712577     
  0.53259419806602215     
  0.53279426475491842     
  0.53299433144381470     
  0.53319439813271097     
  0.53339446482160735     
  0.53359453151050362     
  0.53379459819939989     
  0.53399466488829617     
  0.53419473157719255     
  0.53439479826608882     
  0.53459486495498509     
  0.53479493164388137     
  0.53499499833277775     
  0.53519506502167402     
  0.53539513171057029     
  0.53559519839946657     
  0.53579526508836284     
  0.53599533177725922     
  0.53619539846615549     
  0.53639546515505176     
  0.53659553184394804     
  0.53679559853284442     
  0.53699566522174069     
  0.53719573191063696     
  0.53739579859953324     
  0.53759586528842962     
  0.53779593197732589     
  0.53799599866622216     
  0.53819606535511844     
  0.53839613204401482     
  0.53859619873291109     
  0.53879626542180736     
  0.53899633211070364     
  0.53919639879960002     
  0.53939646548849629     
  0.53959653217739256     
  0.53979659886628883     
  0.53999666555518522     
  0.54019673224408149     
  0.54039679893297776     
  0.54059686562187403     
  0.54079693231077042     
  0.54099699899966669     
  0.54119706568856296     
  0.54139713237745923     
  0.54159719906635551     
  0.54179726575525189     
  0.54199733244414816     
  0.54219739913304443     
  0.54239746582194071     
  0.54259753251083709     
  0.54279759919973336     
  0.54299766588862963     
  0.54319773257752590     
  0.54339779926642229     
  0.54359786595531856     
  0.54379793264421483     
  0.54399799933311110     
  0.54419806602200749     
  0.54439813271090376     
  0.54459819939980003     
  0.54479826608869630     
  0.54499833277759269     
  0.54519839946648896     
  0.54539846615538523     
  0.54559853284428150     
  0.54579859953317789     
  0.54599866622207416     
  0.54619873291097043     
  0.54639879959986670     
  0.54659886628876297     
  0.54679893297765936     
  0.54699899966655563     
  0.54719906635545190     
  0.54739913304434817     
  0.54759919973324456     
  0.54779926642214083     
  0.54799933311103710     
  0.54819939979993337     
  0.54839946648882976     
  0.54859953317772603     
  0.54879959986662230     
  0.54899966655551857     
  0.54919973324441496     
  0.54939979993331123     
  0.54959986662220750     
  0.54979993331110377     
  0.55000000000000016     
