          0.885749          0.959561
          0.894707          0.969265
          0.903755          0.979068
          0.912895          0.988970
          0.922127          0.998971
          0.931453          1.009074
          0.940873          1.019279
          0.950388          1.029587
          0.960000          1.040000
          0.969709          1.050518
          0.979516          1.061142
          0.989422          1.071874
          0.999428          1.082714
          1.009536          1.093664
          1.019745          1.104724
          1.030058          1.115897
          1.040476          1.127182
